0.12740766 0.13940858 0.13270150 0.09596763 0.09312365 
0.12758617 0.11916997 0.10650723 0.11525294 0.14855531 
0.10269856 0.09913612 0.13882098 0.12213129 0.11061436 
0.08142765 0.11953232 0.07977096 0.14779539 0.15598112 
0.11126698 0.16927395 0.15362894 0.10788780 0.13262778 
0.10809802 0.10765621 0.08263932 0.12104128 0.12028572 
0.08659463 0.14910973 0.07769315 0.11897402 0.08980702 
0.10747898 0.11571941 0.11765127 0.14386342 0.10285560 
0.15354435 0.08521323 0.11436043 0.10259544 0.10043246 
0.10818289 0.09457825 0.12819826 0.11215884 0.13568839 
