0.10322745 0.12448411 0.13202979 0.10741184 0.11155560 0.07658735 0.12107662 0.14450779 0.12264974 0.10624674 0.10919443 0.12231561 0.13264306 0.12524028 0.10687309 0.11375936 0.12104082 0.13937343 0.09404000 0.09893231 0.12543448 0.05788324 0.09178463 0.12842741 0.09592252 0.10949489 0.10460886 0.13109974 0.13911479 0.11338639 0.08413007 0.11784831 0.14330290 0.11568863 0.09565974 0.09012001 0.10182839 0.12000799 0.10814613 0.08937603 0.09219589 0.12518800 0.10552179 0.11833296 0.09275663 0.14034856 0.11200180 0.09365930 0.10983358 0.12389496 
0.07983484 0.08053393 0.09184842 0.09386078 0.07130557 0.12082914 0.10551808 0.12449641 0.11171394 0.12573936 0.10295894 0.11544290 0.11932996 0.10596838 0.10807082 0.13699173 0.10292449 0.10843661 0.10579868 0.10632813 0.12866867 0.10352238 0.09452120 0.11963728 0.12764186 0.11546928 0.09649165 0.08098658 0.14662171 0.11277570 0.09692113 0.11310116 0.10127812 0.13860572 0.09325333 0.10065762 0.12688731 0.15280831 0.13531616 0.07834240 0.14018951 0.11844171 0.10683943 0.10933382 0.12451366 0.09753874 0.08628291 0.10488765 0.11925129 0.08179680 
0.10986238 0.11707908 0.11472189 0.08398738 0.12046904 0.12565267 0.12294934 0.12131725 0.12562078 0.16285516 0.11376978 0.10708605 0.11597503 0.10382862 0.11996703 0.09832286 0.09031899 0.14715781 0.08466329 0.09747838 0.10225325 0.13775128 0.11820509 0.12336752 0.13484812 0.10430671 0.10728979 0.11895011 0.14215336 0.10427926 0.13086871 0.09881144 0.08751888 0.13960477 0.11437980 0.10696852 0.08313400 0.09394790 0.10765053 0.07338116 0.09867789 0.16240929 0.12902876 0.11350834 0.10153315 0.12208069 0.09712144 0.08487608 0.12142349 0.15531049 
0.13655145 0.09584236 0.13640748 0.16052170 0.14766863 0.13680234 0.14332712 0.14196411 0.13078709 0.11277488 0.10959684 0.09074651 0.08484284 0.11596795 0.10161735 0.10895372 0.11581639 0.15635261 0.10632017 0.10834025 0.09073433 0.12612534 0.16173394 0.07855153 0.11320003 0.12386740 0.08697409 0.11678898 0.11492594 0.08788531 0.10004848 0.15399040 0.15488771 0.08540766 0.12766049 0.10726318 0.11749741 0.10468395 0.11339676 0.11033313 0.15157671 0.12449501 0.10391817 0.10883886 0.14843485 0.12041613 0.12522061 0.08611839 0.07735976 0.13751827 
0.15262945 0.14146074 0.13108300 0.13137008 0.10454772 0.12604475 0.08497135 0.10320108 0.12037332 0.10551237 0.11874650 0.12983496 0.08518139 0.09571876 0.13106964 0.08854797 0.10869991 0.11386696 0.09570931 0.06145218 0.10994437 0.15035827 0.11017687 0.11890525 0.11941075 0.15198493 0.12179264 0.10514983 0.09272655 0.07321026 0.06571040 0.12507966 0.11169219 0.09996588 0.12886664 0.13742921 0.07907233 0.12763591 0.09553711 0.11881276 0.13019707 0.11769841 0.09858644 0.09738079 0.09006777 0.07746227 0.13811993 0.11663996 0.12262493 0.11469702 
0.16800309 0.15116896 0.11364084 0.17866871 0.13284981 0.09448057 0.12492244 0.10939231 0.17008553 0.08149909 0.11340771 0.09481014 0.12160866 0.16035127 0.11093189 0.13095566 0.07872981 0.08728933 0.09532222 0.11254304 0.09834431 0.11353856 0.11455897 0.09502245 0.14350249 0.11470660 0.10904998 0.12346184 0.12510280 0.11602422 0.11433390 0.13448189 0.10467014 0.11957263 0.09673985 0.10456718 0.08706285 0.13767780 0.08285480 0.11738463 0.09669266 0.07234804 0.09996001 0.07282458 0.09390822 0.08844468 0.08943886 0.09971515 0.12007065 0.11274760 
0.12336809 0.12484977 0.11741567 0.08633361 0.10616315 0.08485196 0.14376395 0.09177358 0.14564809 0.08033535 0.10063546 0.06020445 0.09652048 0.12585278 0.08821244 0.11778241 0.11476615 0.11667175 0.07069951 0.12831662 0.15110310 0.09179881 0.11896787 0.08461309 0.11705166 0.11723296 0.10722486 0.09459419 0.12044411 0.13757897 0.11860924 0.10166235 0.10805696 0.11765886 0.13292878 0.10006444 0.10466674 0.08999863 0.11889087 0.11083922 0.11374917 0.10983585 0.11930781 0.09880797 0.16540868 0.11110198 0.08676650 0.14387039 0.09730089 0.11071695 
0.11725293 0.08868792 0.09060339 0.09941184 0.13925263 0.15000247 0.11065125 0.12182578 0.11355735 0.11830382 0.10503640 0.11904409 0.12951503 0.09692865 0.13760751 0.09200966 0.12867273 0.11193512 0.13034808 0.11533758 0.10156732 0.11147981 0.08620465 0.11464317 0.07173174 0.09276162 0.12341309 0.06786222 0.08356104 0.10062525 0.10387639 0.10903780 0.07682255 0.17242437 0.09166476 0.07021690 0.14676742 0.11296309 0.09376157 0.09261857 0.12270929 0.13625057 0.12658192 0.08110726 0.12150683 0.12172833 0.10210394 0.13806516 0.11704384 0.09827194 
0.14838561 0.09237619 0.09879562 0.13061103 0.10112134 0.11759736 0.12174382 0.11240328 0.14014926 0.11596010 0.11677699 0.11248718 0.09781322 0.08514237 0.10320117 0.09014698 0.14123894 0.11879770 0.09701997 0.10397172 0.12502841 0.08266985 0.09617834 0.10325300 0.08149981 0.08160148 0.09843456 0.11465749 0.11492657 0.10799102 0.11421994 0.09860659 0.10726385 0.09260562 0.07479707 0.10035066 0.11024133 0.07408118 0.14329566 0.11180868 0.10562090 0.10004651 0.11160384 0.14447744 0.12980473 0.07737299 0.09837015 0.10126125 0.13071190 0.09916493 
0.11114043 0.17134591 0.08377496 0.08381099 0.10754681 0.13682899 0.09860705 0.12000352 0.13074285 0.11868215 0.12343291 0.09414293 0.13582928 0.10661956 0.10132668 0.10344781 0.10865499 0.07831540 0.10109734 0.10659036 0.08312582 0.15549191 0.08630581 0.12622561 0.08505735 0.11882155 0.12313158 0.10322384 0.10553993 0.09805186 0.13016418 0.14737238 0.10947758 0.11393539 0.11370108 0.09654219 0.09841113 0.07870868 0.08799933 0.11297868 0.11512594 0.13156335 0.10604525 0.11474468 0.09299768 0.09692659 0.09890362 0.17964990 0.11482648 0.13009241 
0.08646738 0.11988662 0.08018926 0.08645156 0.13198206 0.11108604 0.09408095 0.11162489 0.07885655 0.11384498 0.13109244 0.11106973 0.10290960 0.14144240 0.09689994 0.15607424 0.09190975 0.07979691 0.10568535 0.13511988 0.11267562 0.10817938 0.09689462 0.13819647 0.10383708 0.11824780 0.10258498 0.08150538 0.08322560 0.11718078 0.14851693 0.15907405 0.10881518 0.14509065 0.10304629 0.10688803 0.10218201 0.13760543 0.10331101 0.09729313 0.12241780 0.09898695 0.13543020 0.10474644 0.10425199 0.10162515 0.14039728 0.11288447 0.12157094 0.10894911 
0.13583849 0.08216297 0.12697816 0.11761180 0.09394260 0.08512018 0.09576361 0.08544926 0.12291861 0.09275102 0.13633355 0.11517236 0.11036435 0.11598746 0.12943530 0.10857850 0.09160780 0.14731962 0.09399888 0.10560230 0.09749643 0.15061010 0.09665988 0.10285893 0.09720302 0.10394091 0.08684789 0.13334407 0.10692434 0.11816782 0.12100571 0.09910492 0.10868031 0.11487309 0.10255781 0.11013737 0.10308449 0.11019745 0.13219743 0.12469692 0.07961272 0.09992389 0.05606748 0.12133563 0.11578046 0.14255716 0.10633061 0.12849644 0.09143346 0.15436601 
0.09063174 0.09514795 0.12133418 0.11984949 0.13441599 0.12430616 0.09971447 0.13499716 0.07562617 0.10395478 0.11363272 0.11644191 0.09482182 0.08255056 0.08924747 0.08002145 0.10036217 0.12428304 0.10699611 0.08362965 0.18731560 0.09544637 0.11654472 0.10435027 0.09602493 0.13419094 0.09345395 0.12352787 0.08752644 0.11619856 0.15169029 0.13759232 0.12878796 0.09794689 0.12308182 0.13401175 0.13526275 0.17401220 0.07637503 0.10749888 0.12180999 0.11539801 0.10342805 0.08339360 0.09664167 0.09411948 0.14165905 0.09355775 0.15897388 0.10159481 
0.09716248 0.09608949 0.15458842 0.11702682 0.12016809 0.11195601 0.12521861 0.09242740 0.07190082 0.09446411 0.12204664 0.12475068 0.14919642 0.10869446 0.09613574 0.09955670 0.12432216 0.07628712 0.11292051 0.10001176 0.10274235 0.09801725 0.08492677 0.10679996 0.09151216 0.10558900 0.14892759 0.14411498 0.11210521 0.12845157 0.10501792 0.10730374 0.11748362 0.10328737 0.06726628 0.10726157 0.11547039 0.10111773 0.09994306 0.07793615 0.09788316 0.09802953 0.08923474 0.11837102 0.12627067 0.10301909 0.08153394 0.10672024 0.11108812 0.14369376 
0.08319151 0.13563000 0.12581656 0.12488698 0.08782330 0.08330756 0.10283912 0.08867892 0.13628864 0.09878730 0.10914555 0.13534963 0.14004176 0.11707903 0.09257546 0.13740844 0.10143086 0.11435670 0.10118515 0.14443330 0.10789554 0.13069210 0.14699681 0.06900216 0.11311663 0.12213313 0.09240062 0.08116932 0.10538396 0.11383238 0.08202513 0.15208984 0.11909507 0.07476338 0.10306638 0.14492652 0.09652368 0.12350343 0.07018585 0.14102249 0.07079213 0.13236222 0.10607927 0.09176354 0.12233741 0.11413529 0.10442547 0.08920756 0.07105463 0.08708229 
0.12692662 0.09716585 0.13916901 0.08308574 0.08908042 0.12568351 0.09593573 0.08225353 0.11810303 0.11882753 0.16051959 0.13592983 0.12527981 0.08734077 0.12726645 0.07997545 0.07973677 0.11404909 0.11264506 0.16720104 0.09330194 0.11840211 0.10596653 0.09107981 0.12709862 0.09134196 0.13263257 0.13466910 0.10373413 0.13179334 0.12412498 0.11151873 0.09805488 0.08985625 0.09855063 0.12660047 0.11877851 0.12279488 0.12409442 0.14366650 0.13427291 0.08501847 0.11186723 0.12799481 0.14656968 0.08036282 0.05258648 0.06674963 0.08306315 0.12692512 
0.09818806 0.12050635 0.09451549 0.07064779 0.09146033 0.13262999 0.08947144 0.12524662 0.12466908 0.09152533 0.09202809 0.11619670 0.10456507 0.12833974 0.10248544 0.07358375 0.13748019 0.12440577 0.13382300 0.11273218 0.15446682 0.12653640 0.10747268 0.11600564 0.09284917 0.13792393 0.09834975 0.11952169 0.10057210 0.09998656 0.08925244 0.10405021 0.15222406 0.12084480 0.11838048 0.07544164 0.11532228 0.12002718 0.14390344 0.08476660 0.16349609 0.08443104 0.08472323 0.15235816 0.10247990 0.07793237 0.13311386 0.12550737 0.13197947 0.11740711 
0.11813708 0.10523749 0.09899289 0.16421279 0.07402223 0.08951185 0.12297653 0.14632188 0.07756273 0.06726849 0.08469546 0.12301007 0.11842891 0.07538707 0.12352613 0.09657197 0.15349282 0.11141663 0.06727040 0.08577580 0.09455815 0.10935114 0.13891299 0.09890011 0.09021952 0.11110741 0.09607609 0.12658486 0.12389296 0.11076370 0.09578496 0.11017393 0.10358571 0.09269875 0.07882836 0.13883312 0.07428462 0.12644050 0.15580615 0.13409011 0.09234349 0.13183213 0.07743674 0.12281182 0.07910620 0.11101680 0.08068501 0.15154088 0.11207448 0.13493075 
0.13669161 0.10899769 0.11889669 0.09204433 0.08838262 0.08045562 0.10075377 0.11738714 0.09840833 0.07815982 0.11905138 0.11581872 0.11060040 0.07643753 0.10352778 0.17729520 0.11324533 0.13770842 0.09069329 0.09814806 0.12587857 0.08888343 0.10672795 0.14121884 0.11726821 0.11858582 0.09791182 0.13376751 0.15205006 0.13813939 0.12603438 0.09330820 0.14004640 0.12182819 0.07608435 0.13481088 0.10888856 0.09132331 0.13142664 0.10745116 0.10408062 0.09845513 0.10947710 0.09080693 0.11633338 0.11291792 0.16518185 0.09932944 0.13693053 0.14218299 
0.10099752 0.12081186 0.07348038 0.14995105 0.13006839 0.11839855 0.09628252 0.10458675 0.12601433 0.10007891 0.12849060 0.09890122 0.11039103 0.12540565 0.10215563 0.13377345 0.11604148 0.14820263 0.11849516 0.10141735 0.07087490 0.12147557 0.09196030 0.14188903 0.16281586 0.08928739 0.10646932 0.09483261 0.08185633 0.12445242 0.13103154 0.14917119 0.10036656 0.12722106 0.09805460 0.10641963 0.12450652 0.11451415 0.06658210 0.10044805 0.10311159 0.10254358 0.12416956 0.13003141 0.09367958 0.11483637 0.08009506 0.15419266 0.08475492 0.10463438 
0.11284721 0.15554364 0.11579415 0.11040082 0.17841507 0.12441180 0.09109694 0.08941117 0.10066256 0.11689542 0.11289860 0.15439486 0.07722970 0.14580749 0.07340607 0.08050258 0.07360507 0.08219714 0.14608432 0.09678078 0.13731471 0.09172573 0.07383696 0.10173908 0.14561013 0.15667246 0.15658534 0.12861403 0.13372937 0.15061858 0.12109865 0.09906478 0.09637925 0.09947003 0.09855516 0.09093498 0.12564182 0.10899932 0.09854120 0.08583678 0.14808737 0.10732589 0.12831973 0.13272528 0.10998389 0.12826914 0.12256635 0.12151687 0.09913967 0.15127142 
0.14437113 0.06024772 0.09079095 0.16327831 0.14162669 0.11553313 0.08627023 0.13823074 0.09400330 0.07878074 0.13554311 0.08512863 0.11857322 0.11078898 0.15231837 0.13267740 0.09187808 0.08596137 0.13267176 0.11761261 0.13987469 0.11740482 0.10942439 0.10799624 0.11195821 0.11950208 0.14019171 0.08467292 0.10891390 0.13528036 0.09726260 0.13152201 0.10075242 0.10069152 0.09852392 0.09899679 0.09532854 0.13535678 0.13196689 0.09497116 0.10881536 0.08775579 0.07514652 0.09171522 0.09926293 0.12977196 0.10607648 0.08684284 0.09384458 0.12340390 
0.07508501 0.10111453 0.11407772 0.13208015 0.10628758 0.11909283 0.07616014 0.10272114 0.10817142 0.13513348 0.09795309 0.09817710 0.13667384 0.13706524 0.09658783 0.10905649 0.16705252 0.11572551 0.10529939 0.13595929 0.11591900 0.11428510 0.12001349 0.12647231 0.08357948 0.08890659 0.09410236 0.13367908 0.14630515 0.10806623 0.09757413 0.11758300 0.13313018 0.10288111 0.12858390 0.08206278 0.10768504 0.11172328 0.07861527 0.14477744 0.12475823 0.13491458 0.13685227 0.14680739 0.11892451 0.10668766 0.07656168 0.10079993 0.11045022 0.08532754 
0.14686178 0.12668562 0.11245154 0.07288307 0.13165943 0.09133393 0.09895382 0.11582217 0.12423424 0.10948807 0.05992571 0.09164754 0.14256698 0.16728478 0.09401405 0.10474800 0.09039175 0.14898452 0.12450568 0.12252783 0.12736644 0.12059134 0.08678234 0.10188288 0.07223548 0.11178555 0.08985848 0.13969867 0.10311159 0.13825124 0.14847940 0.10989660 0.10824705 0.11056629 0.11745244 0.12613261 0.15233492 0.11616632 0.10436566 0.09683196 0.11954920 0.12190232 0.08924898 0.10740448 0.18370231 0.10595869 0.11154061 0.10294220 0.10989348 0.08661164 
0.13066035 0.13838093 0.13668979 0.09897887 0.09039263 0.10317123 0.10167118 0.15083555 0.09531857 0.16025438 0.09383391 0.09147229 0.12478743 0.13372161 0.13080968 0.09055425 0.14335842 0.10135365 0.09955747 0.12522185 0.08999263 0.09208126 0.06935809 0.11650311 0.10664187 0.11573087 0.09721677 0.08228819 0.08888786 0.10436118 0.11257628 0.11598702 0.13756230 0.16226175 0.14306232 0.09835700 0.12736143 0.10370946 0.09883382 0.10029216 0.11938356 0.11402502 0.12608668 0.11393525 0.12704249 0.11103503 0.08213338 0.12016881 0.12733372 0.08107314 
0.11451298 0.12160560 0.07167448 0.10710335 0.08364873 0.10356074 0.10769982 0.08108089 0.08982591 0.10565858 0.09682781 0.09196673 0.09052454 0.13936663 0.14211978 0.10840735 0.11909951 0.10484820 0.08135479 0.11008418 0.08951440 0.11836986 0.12741709 0.12290804 0.10910351 0.09381299 0.12498178 0.10913116 0.10417902 0.17468663 0.11577854 0.09899410 0.13158596 0.08352348 0.10119643 0.12625564 0.13465731 0.12697475 0.13858974 0.11316708 0.12220400 0.14704354 0.10593713 0.12708732 0.10885908 0.14872170 0.10723083 0.14539454 0.13987475 0.08117821 
0.10903200 0.08158324 0.11797795 0.08480881 0.14228150 0.09692109 0.10418499 0.09790223 0.13930692 0.08458106 0.14286617 0.11360261 0.10083333 0.13403444 0.07597152 0.11736677 0.14507364 0.10366480 0.08176765 0.09883056 0.11206957 0.10943039 0.12033715 0.11801918 0.10008875 0.12432492 0.10725579 0.13549148 0.09941213 0.17627131 0.11538611 0.10213193 0.11728332 0.08450486 0.09434652 0.10309226 0.07760975 0.14597467 0.09007636 0.15120857 0.13546390 0.09439960 0.10284364 0.12985282 0.12384008 0.09358988 0.13257464 0.09776625 0.09392251 0.16238053 
0.10020280 0.11230350 0.05055648 0.09309931 0.08702762 0.06928921 0.12726722 0.10406425 0.08001393 0.11703682 0.12803431 0.13154891 0.08487587 0.12618617 0.12184424 0.11452501 0.08951442 0.08395737 0.12180957 0.11165809 0.10841882 0.09673450 0.12559568 0.11030513 0.10050301 0.06753961 0.09983717 0.09052774 0.11733672 0.15089534 0.10973204 0.11262862 0.09794432 0.11136877 0.16777178 0.10176685 0.08974486 0.11601722 0.08857384 0.13850912 0.12579796 0.09993911 0.14630929 0.12584272 0.09111193 0.10074001 0.13056483 0.11011033 0.11569446 0.10323410 
0.12995557 0.10050589 0.10182268 0.12440088 0.08190391 0.09693587 0.11106035 0.11077567 0.14275030 0.09221729 0.08948910 0.11203548 0.08170503 0.14756949 0.09645455 0.09462518 0.12526691 0.11090480 0.14380419 0.10625059 0.10632244 0.09762178 0.13330600 0.13433290 0.14075512 0.09470271 0.12048296 0.12062144 0.10302232 0.10760169 0.12496894 0.13098428 0.07602429 0.07525158 0.14914308 0.15731325 0.10916192 0.12483121 0.12628840 0.14160290 0.09512434 0.12048525 0.13107768 0.13097237 0.11109286 0.14259997 0.17290946 0.10592284 0.10167218 0.14661604 
0.15500539 0.10752781 0.09831683 0.12441474 0.09480934 0.09732271 0.10103783 0.09077542 0.10458699 0.11851058 0.09436422 0.10504670 0.09573826 0.09987924 0.13844083 0.08824187 0.10252161 0.12025014 0.07307560 0.17508429 0.14117432 0.09589377 0.10129779 0.11915212 0.12769765 0.14171972 0.09294533 0.10906188 0.10419862 0.10406268 0.10360830 0.09657806 0.11472029 0.05612328 0.10736628 0.07765982 0.11106043 0.10967574 0.14499540 0.10276509 0.06863938 0.12233293 0.11199603 0.11558202 0.11316369 0.10367818 0.09994920 0.15377354 0.09477402 0.15465469 
0.11728156 0.09699272 0.13010882 0.12032731 0.10650999 0.11045698 0.11079327 0.11549697 0.08840497 0.13404105 0.09503314 0.11918925 0.11836865 0.13169393 0.09680212 0.11497103 0.09029655 0.08350513 0.09726691 0.10619492 0.12842422 0.11947983 0.08864880 0.13917761 0.09422166 0.07913566 0.11592050 0.09081818 0.09233825 0.13162528 0.15282090 0.12920875 0.12467628 0.06823400 0.07700612 0.10288464 0.08599999 0.12431677 0.09519956 0.15172846 0.09843077 0.12647006 0.10605291 0.15915389 0.14576987 0.13047366 0.15756733 0.13590508 0.08810295 0.12295087 
0.08624940 0.11895492 0.09611515 0.11406682 0.10149093 0.15664236 0.08938733 0.10114572 0.11943670 0.12873732 0.15365585 0.13806012 0.07899161 0.13202511 0.10835427 0.09178586 0.08045916 0.09308326 0.12708546 0.12731381 0.08192702 0.12001328 0.11933418 0.07741695 0.13477192 0.11257793 0.12094537 0.12990888 0.12979548 0.12752884 0.12913163 0.12296672 0.09576530 0.15042480 0.11942719 0.12877659 0.11596663 0.08870369 0.13445686 0.13657968 0.15001059 0.13712767 0.13736583 0.11741857 0.14148177 0.14831935 0.11962736 0.09234983 0.10953276 0.09227276 
0.12360452 0.12709902 0.10211650 0.12956348 0.13033122 0.10824453 0.07412451 0.13042930 0.09688166 0.18088648 0.10058487 0.13220255 0.10182364 0.13913878 0.12302301 0.08341535 0.12672117 0.13270484 0.11687353 0.11864844 0.15906259 0.09374584 0.11431217 0.09719289 0.11907549 0.08383859 0.08918187 0.12717037 0.11064575 0.09305108 0.14177092 0.08908884 0.14685173 0.11880125 0.11207807 0.09616976 0.10313631 0.09841545 0.14463373 0.07681667 0.12268405 0.11865218 0.16952046 0.08999906 0.09679291 0.08224788 0.11096252 0.09801638 0.08062102 0.13189618 
0.11795082 0.13092284 0.15998561 0.10479067 0.09379484 0.11710526 0.16006752 0.12336346 0.08960897 0.13079277 0.15504514 0.08637904 0.09456522 0.10266945 0.14935798 0.11083701 0.12605075 0.07656416 0.12900561 0.13554737 0.11549371 0.09736404 0.13866660 0.10716583 0.10310895 0.14183770 0.07876924 0.12651064 0.10450538 0.13469680 0.07026292 0.10131252 0.15782819 0.10466886 0.12080170 0.10526869 0.11607999 0.10272119 0.14158658 0.11884359 0.12851579 0.12137176 0.12563361 0.12784265 0.09758906 0.11054440 0.13350895 0.12682320 0.08034957 0.10164835 
0.12635948 0.14597415 0.15346907 0.10279676 0.09365673 0.10517500 0.14246595 0.12113127 0.07871845 0.16350116 0.16172735 0.14669574 0.10471407 0.16843832 0.10106016 0.10844160 0.09553807 0.09209015 0.08754550 0.09383659 0.10202322 0.07135689 0.13460975 0.09117022 0.11286930 0.12579828 0.14251728 0.12597743 0.15537237 0.11847200 0.13244272 0.11486610 0.08148263 0.10959834 0.09012263 0.07981988 0.12386553 0.10560502 0.12794830 0.11942359 0.07827489 0.10049808 0.10176631 0.13140400 0.15476277 0.14273249 0.12576516 0.10142972 0.11006274 0.10009634 
0.08383122 0.11842039 0.16991603 0.11716845 0.10343199 0.10611542 0.11634420 0.11918950 0.09584849 0.11195309 0.11000052 0.10189856 0.09741370 0.14290852 0.10143709 0.11961344 0.13177417 0.07709600 0.12389409 0.10115856 0.06724135 0.08900460 0.09324512 0.12673535 0.09606503 0.14515064 0.09335296 0.10867873 0.07454830 0.10893393 0.09588204 0.13139462 0.12806062 0.09467691 0.08707938 0.09446611 0.10957144 0.10256844 0.07802431 0.12891531 0.14097712 0.12076012 0.09141730 0.09335991 0.09531940 0.10201828 0.11008036 0.10572392 0.08972536 0.09646064 
0.11798172 0.07481151 0.13763245 0.09432014 0.11952362 0.11915109 0.13367987 0.12775260 0.07749224 0.09000136 0.12942317 0.09843155 0.10615706 0.12108125 0.07833572 0.12139166 0.14950179 0.13139286 0.09294333 0.14574387 0.08826625 0.10049218 0.13038616 0.07367573 0.09037741 0.08074471 0.11501434 0.11442196 0.12531628 0.10571758 0.11507288 0.08446561 0.11152039 0.09181418 0.09226834 0.10284556 0.12874520 0.09918239 0.11489191 0.14974727 0.09055224 0.10006026 0.09449879 0.10216723 0.10212141 0.08888437 0.13123675 0.08444960 0.12234852 0.13023472 
0.11936427 0.09328261 0.12957175 0.09155516 0.11646937 0.10421988 0.11034562 0.11766018 0.13511288 0.16142285 0.14210680 0.12979479 0.08450602 0.14176299 0.11443659 0.08476360 0.09943351 0.10223248 0.10607375 0.07774309 0.12465747 0.12380047 0.09839295 0.07864248 0.09732320 0.09858274 0.10264001 0.14838990 0.16937907 0.06307737 0.09144152 0.11204566 0.10795844 0.13509353 0.11994943 0.14164699 0.07036644 0.07658166 0.11464348 0.11355951 0.10348444 0.10159087 0.09053092 0.12357210 0.11687702 0.10658880 0.08841989 0.09244436 0.08064525 0.10984547 
0.10621306 0.09419508 0.13453274 0.15267172 0.14066421 0.12832082 0.08398318 0.10162657 0.13649743 0.11586268 0.10392056 0.12046775 0.16831441 0.11469528 0.12466519 0.12293216 0.10545627 0.10006975 0.09166687 0.12491353 0.12628020 0.09130155 0.09948543 0.14557270 0.09129767 0.11762854 0.13960612 0.09082850 0.12103776 0.14474163 0.12860219 0.09269329 0.06743467 0.12410607 0.14344087 0.13321049 0.12428001 0.19843928 0.11708064 0.12982769 0.10702568 0.10984713 0.08391271 0.08372486 0.10607778 0.11656009 0.10982837 0.09403893 0.10962990 0.15911227 
0.12904145 0.12074893 0.12111672 0.09981953 0.12526057 0.12020403 0.14740151 0.13522406 0.11481636 0.09472498 0.08702809 0.06739213 0.10304571 0.11282016 0.14535823 0.11443289 0.07416419 0.08250931 0.12171571 0.08540379 0.07795471 0.11725704 0.10237466 0.07280487 0.08272495 0.05076712 0.11984641 0.12591867 0.14072299 0.10513436 0.14122176 0.13951708 0.10358292 0.12147420 0.13342977 0.11684754 0.11520536 0.10739720 0.14346208 0.12143367 0.07006619 0.16647313 0.09779047 0.11770694 0.14528291 0.08157023 0.09156781 0.09123729 0.11967817 0.14425366 
0.12634764 0.11335711 0.14002844 0.09969843 0.09919906 0.15874093 0.14531053 0.12270025 0.10405032 0.12415922 0.08337202 0.11756294 0.09227343 0.10154488 0.09219882 0.14796640 0.06526422 0.12400176 0.12172579 0.13162145 0.11354085 0.11415256 0.12496987 0.09774628 0.07732631 0.14083147 0.10185384 0.10620033 0.12289916 0.14362597 0.09841848 0.10978987 0.14564052 0.11040441 0.06710749 0.10998700 0.10901440 0.17416881 0.09370367 0.09348109 0.13148724 0.11655012 0.12843881 0.08834436 0.15666460 0.07345002 0.09579719 0.10479990 0.15968600 0.12961520 
0.15862839 0.09347367 0.10537344 0.12101677 0.10219392 0.15381357 0.07143126 0.14588600 0.08476302 0.10400704 0.07766931 0.11281511 0.14575566 0.09065566 0.07336289 0.10885226 0.13715511 0.07998426 0.09431259 0.13578715 0.13091340 0.10385677 0.10866655 0.09732710 0.08027058 0.11690747 0.11403014 0.10283948 0.10379946 0.07364918 0.09330590 0.12524444 0.13829855 0.14281863 0.05350278 0.10094201 0.07775093 0.12578990 0.09634750 0.12134714 0.08720866 0.09081596 0.07782924 0.09993847 0.14192733 0.10110500 0.07505299 0.12957047 0.09776592 0.13509382 
0.11964569 0.10511747 0.10865555 0.08764421 0.09879193 0.12177744 0.12328866 0.08786684 0.11997024 0.12085714 0.09668050 0.10134873 0.11304879 0.13876572 0.12130882 0.09899347 0.09824645 0.11375757 0.12302414 0.15058233 0.11981803 0.14973150 0.09261573 0.07845996 0.13345136 0.05762714 0.11572923 0.11133945 0.10010340 0.08206310 0.09399176 0.12770463 0.13213091 0.14022330 0.14190432 0.13975178 0.13492193 0.09769187 0.11256159 0.11824874 0.08676865 0.10997828 0.13056956 0.13274974 0.11885545 0.07235204 0.10136284 0.10031840 0.15350008 0.11008995 
0.11629499 0.11005484 0.12773800 0.09533331 0.11352183 0.07317103 0.09640015 0.14049725 0.10179241 0.11028087 0.11916910 0.14706609 0.12111009 0.13351361 0.07693391 0.12011757 0.15197315 0.09277716 0.12818717 0.08754750 0.12065129 0.11463015 0.09514881 0.14570439 0.12663048 0.10091066 0.09512126 0.09275153 0.10674477 0.13900218 0.09491381 0.09349127 0.10390185 0.08409457 0.12081439 0.10587537 0.10968292 0.13303973 0.13788225 0.11776463 0.14929638 0.11286629 0.13578295 0.08826538 0.12395556 0.07360952 0.08620690 0.09011234 0.11781831 0.08779150 
0.12380189 0.15566013 0.11941333 0.09174127 0.11159042 0.09257333 0.10501014 0.12542009 0.09976522 0.10683240 0.09798624 0.11657309 0.09121903 0.10299616 0.12068129 0.08604709 0.13828822 0.10783278 0.11638001 0.11371327 0.10394878 0.09140306 0.14462735 0.07883133 0.07337581 0.10722036 0.08753912 0.12494830 0.14303168 0.18918380 0.10543140 0.08178530 0.06810646 0.14783276 0.10997281 0.07950253 0.09502148 0.12909957 0.10280344 0.12585717 0.12086499 0.12374445 0.09109667 0.13552654 0.10973847 0.13089774 0.11706911 0.09186405 0.12477898 0.08501610 
0.09061463 0.08302698 0.10823139 0.09824735 0.10671587 0.09570263 0.06791132 0.08120869 0.13758529 0.10893593 0.10188245 0.11422504 0.09249712 0.09589645 0.09943628 0.07671156 0.10383196 0.13124525 0.09214657 0.08842015 0.10427294 0.11561730 0.10868966 0.10699679 0.11910776 0.07104667 0.08655242 0.15806226 0.08783482 0.07995378 0.12230399 0.09566011 0.07790508 0.12480336 0.10945092 0.10847949 0.06379288 0.12135308 0.10955719 0.17904926 0.10639609 0.12616768 0.09166907 0.10542921 0.12122772 0.11126175 0.10608577 0.11895066 0.17733141 0.09704186 
0.07552554 0.09659052 0.11374246 0.08239636 0.09781967 0.10034562 0.07896958 0.10876720 0.08546152 0.11713577 0.10893804 0.12207431 0.10580854 0.10239165 0.10594891 0.12539641 0.09381886 0.09625193 0.12804215 0.08215963 0.08172710 0.11776660 0.14336012 0.09831398 0.12875959 0.10165604 0.08681089 0.06377861 0.12944970 0.12248838 0.08936937 0.07460562 0.07816319 0.10897290 0.06790088 0.11807376 0.15925977 0.08206528 0.11135382 0.12564776 0.08999805 0.12969875 0.09578443 0.11308862 0.12310521 0.11788093 0.09675768 0.07314808 0.12979161 0.13247585 
0.10245946 0.09830672 0.10822410 0.12829480 0.13671147 0.09037146 0.14566386 0.12392881 0.14932378 0.15683936 0.10628093 0.08247947 0.11734016 0.11299430 0.12046126 0.12259038 0.10100292 0.08409152 0.10449127 0.12785357 0.09665510 0.08885249 0.05844426 0.14211618 0.07434288 0.11646747 0.14825388 0.09780246 0.10899191 0.11311437 0.13210321 0.08149508 0.11752658 0.11388576 0.10150523 0.11118840 0.12312738 0.15173883 0.09383388 0.08874552 0.16298197 0.06964020 0.07386947 0.07798222 0.11284955 0.11394497 0.13351129 0.11935651 0.10232030 0.12322972 
0.14342018 0.12828213 0.10437392 0.13698323 0.12010470 0.14393902 0.07915151 0.11131741 0.07183999 0.09537972 0.10158783 0.11108376 0.07439098 0.12972998 0.10831525 0.09594251 0.11066990 0.15971083 0.10614088 0.11604389 0.14438986 0.07505935 0.11429656 0.10508685 0.08558758 0.10088024 0.13377960 0.13554068 0.15282247 0.09382062 0.10821113 0.08900111 0.14145450 0.12781041 0.09787086 0.09806447 0.11812407 0.13091074 0.10212157 0.13044850 0.07972404 0.14168425 0.07368040 0.15030055 0.13444798 0.12421139 0.12779968 0.11584549 0.11400579 0.12284310 
0.10315104 0.09524847 0.11774686 0.09251373 0.09763756 0.16482676 0.09260764 0.10781188 0.09839023 0.11916437 0.10727004 0.13310941 0.08090766 0.16161378 0.12919057 0.15400581 0.13598670 0.07488723 0.10087160 0.09904098 0.11709519 0.10367534 0.12319137 0.07772789 0.09980305 0.10084230 0.09656472 0.13473574 0.06923730 0.09484549 0.12574044 0.07233682 0.13839177 0.08119325 0.11252395 0.08569941 0.11130353 0.09679040 0.07964780 0.08933278 0.12065790 0.10073498 0.14791342 0.12878243 0.09388012 0.08655625 0.11926444 0.10610987 0.11420579 0.11419561 
0.12754018 0.13160143 0.07980693 0.13061121 0.14179649 0.12592773 0.11022720 0.08349145 0.11006527 0.10883025 0.11474140 0.14901840 0.08022940 0.11869116 0.08884063 0.10668654 0.07625736 0.09608587 0.12049582 0.16422026 0.11740715 0.12966996 0.09187977 0.10911710 0.10714965 0.07715027 0.10726761 0.12189688 0.09579907 0.08331086 0.06920620 0.14690234 0.11152147 0.15553702 0.08847181 0.11620675 0.11691821 0.10779952 0.10195970 0.12024360 0.09627294 0.11356306 0.09703861 0.16695020 0.11469956 0.11949571 0.11823818 0.12032972 0.14776082 0.07712527 
0.10544155 0.12500542 0.07996087 0.10029724 0.17529702 0.15010198 0.11691211 0.11983935 0.20856684 0.12412940 0.13122456 0.08556288 0.13083186 0.10894639 0.10856530 0.13456525 0.08012217 0.11447621 0.13358821 0.11296798 0.11011315 0.08847838 0.10708879 0.09830446 0.08468144 0.14734852 0.10891555 0.09196496 0.07690133 0.13542978 0.10811525 0.09078814 0.08002154 0.11027481 0.13408816 0.13703832 0.11610472 0.14707235 0.10041863 0.10256196 0.08117778 0.07949505 0.07573157 0.08565716 0.08838086 0.11293950 0.16411124 0.09384688 0.08764285 0.09586739 
0.09906003 0.10648417 0.10755216 0.13423573 0.10745540 0.09943213 0.07412483 0.12163252 0.07013832 0.09492297 0.11709778 0.10281393 0.12981099 0.11359554 0.11342569 0.09373594 0.11972871 0.12953134 0.11576926 0.12764007 0.14371569 0.13413346 0.09997697 0.12117892 0.07852603 0.14901300 0.11131887 0.13893440 0.11476911 0.11984556 0.06482788 0.10880625 0.10104631 0.11386059 0.14552152 0.11850941 0.11264241 0.14317084 0.12749571 0.13975559 0.12919818 0.10917194 0.12752650 0.12564343 0.10447074 0.12293457 0.12279014 0.10416388 0.10375716 0.13417799 
0.13686918 0.15622533 0.14021670 0.10353789 0.11736383 0.12804155 0.12275291 0.11722248 0.13131040 0.11584224 0.14858617 0.14817198 0.13538249 0.11149646 0.11381247 0.12062141 0.09363047 0.10079037 0.08562633 0.12077367 0.09549319 0.09853218 0.12645212 0.13419213 0.15300683 0.14465125 0.14120020 0.10446294 0.14429696 0.11057428 0.11096968 0.13311859 0.09399222 0.09642236 0.11599266 0.11068471 0.10340001 0.10734948 0.09303610 0.13229657 0.12605060 0.11920009 0.11227702 0.07786120 0.09795097 0.11737778 0.12370705 0.15107733 0.10556347 0.13564088 
0.11835012 0.08924244 0.12107140 0.09199440 0.13497126 0.10246309 0.09813775 0.09149807 0.09239261 0.08566074 0.10404869 0.12334413 0.11181668 0.13280656 0.09001381 0.10383800 0.12905759 0.09957072 0.10252375 0.07934122 0.12440656 0.11536929 0.10816255 0.14661677 0.15047976 0.08462357 0.13832102 0.12772067 0.11118143 0.13763874 0.12037802 0.11623345 0.06440580 0.05320886 0.12662316 0.06645890 0.09087069 0.09239282 0.13335160 0.14955157 0.10012526 0.09213630 0.08104457 0.16814212 0.13410591 0.10718088 0.10946659 0.13301957 0.08069992 0.12704621 
0.07977166 0.11120113 0.08263511 0.15102856 0.12902354 0.13891628 0.11042569 0.11256545 0.16099995 0.12940289 0.12836843 0.08733113 0.12007664 0.10300479 0.12103100 0.11630581 0.08950104 0.11122075 0.12895055 0.10223835 0.10361006 0.11522863 0.07322384 0.11570807 0.14033698 0.14495506 0.11676431 0.08904790 0.09669820 0.12911036 0.11567369 0.11664273 0.13625118 0.11780794 0.14279285 0.11028354 0.11019048 0.09280647 0.13540906 0.07790967 0.13262089 0.14317574 0.07700818 0.12308133 0.09523793 0.10590800 0.11649986 0.13222745 0.09147752 0.11390072 
0.11836739 0.12469616 0.12591385 0.11026073 0.07512201 0.10819232 0.12064531 0.11932510 0.12331066 0.10272474 0.14288426 0.10042276 0.10481715 0.10389634 0.10695728 0.11741167 0.10403058 0.14819770 0.09183091 0.11731859 0.10585174 0.06683805 0.14924420 0.12059746 0.10835637 0.11998600 0.12328015 0.16810425 0.08901178 0.13073138 0.10136501 0.10617936 0.08464075 0.09114282 0.07927790 0.13163416 0.12951872 0.10082855 0.09407858 0.14604124 0.09357475 0.13556511 0.11627787 0.12905954 0.13192307 0.11672991 0.10817107 0.10391833 0.12103522 0.12425627 
0.11449372 0.11525476 0.15047008 0.10183089 0.16075875 0.12152533 0.10445195 0.13596668 0.11188411 0.11800874 0.07343132 0.10933221 0.10894941 0.08583506 0.13730664 0.15405530 0.11136337 0.08675687 0.14130185 0.11588060 0.13875502 0.08113209 0.11613291 0.14955810 0.10964491 0.14273172 0.17586255 0.11422235 0.15088970 0.13148301 0.14181090 0.11589807 0.05439016 0.07674912 0.10014336 0.13042243 0.07648323 0.10090631 0.09229365 0.11280363 0.16189228 0.08923336 0.12293334 0.06979638 0.11337509 0.10352591 0.09860652 0.14464076 0.09839305 0.13572524 
0.09224702 0.11411776 0.09317059 0.11977332 0.07764475 0.09326391 0.14277789 0.08943120 0.09034048 0.08851560 0.08323029 0.12683110 0.10510927 0.10245997 0.10383993 0.09022331 0.11823462 0.14262117 0.11095180 0.12420064 0.15677982 0.10205025 0.11445222 0.09079235 0.08465605 0.08882662 0.12936283 0.15925095 0.08507183 0.09772307 0.10650978 0.12745851 0.09250326 0.09355696 0.10414214 0.13536963 0.17642166 0.10057936 0.08239874 0.08308214 0.11861139 0.11111316 0.09031725 0.09156011 0.07076091 0.10942314 0.12896567 0.10127513 0.14072009 0.12176326 
0.10961812 0.14799911 0.11561845 0.10452592 0.14804660 0.09282485 0.09366583 0.09644348 0.09826280 0.11181324 0.11261951 0.10972860 0.13171889 0.10879352 0.12181278 0.09624135 0.10803531 0.10235474 0.07156414 0.13745839 0.08212265 0.11765515 0.08559257 0.10771781 0.10555623 0.08030497 0.09396341 0.11894427 0.12089328 0.12678099 0.14375392 0.08343477 0.14330798 0.12014245 0.12502229 0.14289149 0.11720069 0.09134284 0.15170892 0.09126103 0.09082923 0.11667910 0.16046380 0.12342090 0.11398596 0.13002404 0.07697561 0.11994973 0.10935532 0.09948191 
0.10029181 0.15859825 0.09963643 0.13375012 0.14214032 0.16999901 0.13900948 0.10839097 0.07990973 0.10798281 0.11313502 0.14780150 0.15175141 0.12782659 0.12253364 0.14208046 0.11491119 0.12348792 0.12406462 0.10586824 0.14104431 0.09166188 0.12372979 0.12920800 0.08623036 0.10082659 0.10664667 0.10755779 0.10069177 0.08666217 0.09538966 0.12736706 0.12488914 0.12769675 0.07432011 0.12205007 0.08332514 0.13315616 0.04838312 0.09445420 0.08786366 0.13689731 0.10216786 0.10265215 0.09324038 0.11548181 0.09014810 0.14014567 0.10444805 0.11580190 
0.08924541 0.17484972 0.13223058 0.08294496 0.09152433 0.08904742 0.14960198 0.12945612 0.11854713 0.10134587 0.10644720 0.16136598 0.06772838 0.11667751 0.07862897 0.06740055 0.08216704 0.10379563 0.15218123 0.11731882 0.09341906 0.13703036 0.12037728 0.10166064 0.12051215 0.09496243 0.06557151 0.09037966 0.12805265 0.08822498 0.10725011 0.07830118 0.14505161 0.11973728 0.10542016 0.11614238 0.13386330 0.12664318 0.09668821 0.12005818 0.12625712 0.11656168 0.08027213 0.10721144 0.09298226 0.14894212 0.11250835 0.11385755 0.09135302 0.10515784 
0.05918867 0.11527936 0.10328341 0.09089103 0.14106939 0.12898648 0.15806892 0.14194915 0.12997369 0.13152390 0.11785940 0.11813364 0.09278144 0.11751428 0.10172808 0.10695809 0.09715866 0.10253877 0.11027881 0.12082440 0.08690464 0.12427012 0.09337658 0.08560155 0.14990991 0.14811203 0.12935530 0.09386948 0.09569592 0.10678781 0.13569186 0.08943887 0.12044230 0.09756050 0.10238597 0.09555388 0.13497186 0.12803387 0.10215044 0.09972101 0.09507100 0.13064349 0.11861361 0.08429637 0.11847255 0.10655991 0.08233636 0.07625462 0.09289936 0.16308538 
0.09576587 0.08700877 0.12109075 0.11286016 0.15300039 0.16724020 0.08141313 0.16413177 0.10185117 0.10743996 0.13546394 0.15417042 0.11816061 0.08902830 0.11111060 0.10931437 0.15375494 0.15692719 0.12297748 0.08565056 0.11184414 0.13394314 0.08963243 0.12844679 0.13666428 0.12790084 0.11140476 0.09204113 0.09965056 0.12724436 0.13304014 0.09181380 0.12669733 0.09733898 0.11299618 0.10682333 0.12527082 0.10422838 0.10894966 0.11370462 0.16173285 0.08301325 0.12303073 0.09904028 0.14565472 0.06494021 0.15020796 0.12929737 0.11440824 0.10232439 
0.11816713 0.10769953 0.13991827 0.12862963 0.09303204 0.11444427 0.10500897 0.09397599 0.14857454 0.13588351 0.10745858 0.12878915 0.10643757 0.12741993 0.12694803 0.11919871 0.08804389 0.10677069 0.11150422 0.13374932 0.12466761 0.08186033 0.15830476 0.13985549 0.10120507 0.11604055 0.11205514 0.10921889 0.06808026 0.11311772 0.12788578 0.07808204 0.09615703 0.09357717 0.10566415 0.08718128 0.10879291 0.08949725 0.12754485 0.13144537 0.15010043 0.08894759 0.06932935 0.09508841 0.12584503 0.09322823 0.11586251 0.09665373 0.08105255 0.14815275 
0.11325765 0.12227629 0.11748096 0.08223924 0.08488253 0.12070644 0.07261368 0.15325263 0.12771247 0.07398765 0.14484664 0.14297184 0.08015912 0.11875769 0.14878720 0.11093431 0.10112375 0.09211688 0.10588050 0.10782224 0.09863219 0.10983602 0.08891725 0.09937670 0.08892431 0.13433033 0.10619044 0.11412979 0.10226760 0.09003979 0.10603222 0.10962124 0.07458075 0.12994906 0.08493707 0.10940604 0.11700751 0.16443153 0.09286624 0.09569881 0.11796084 0.09557172 0.11908679 0.10677249 0.11271529 0.09454311 0.12833362 0.10624639 0.13014425 0.11841400 
0.11245063 0.13902572 0.09996296 0.12090558 0.09340974 0.08882522 0.12845755 0.10954348 0.09425816 0.11798327 0.11501775 0.11628232 0.13384604 0.09498688 0.12143401 0.15801386 0.13052196 0.10391733 0.12040860 0.09962170 0.09510085 0.09240552 0.13958072 0.13572666 0.08446021 0.12790486 0.13193711 0.11200226 0.09829394 0.13391920 0.08251918 0.07379228 0.13598656 0.08671838 0.09963842 0.10789388 0.08679307 0.10536624 0.11579484 0.08390030 0.08035949 0.10180623 0.07184155 0.11784128 0.10547810 0.11629649 0.13429408 0.09937232 0.13707955 0.09869217 
0.08447888 0.12633543 0.11266394 0.10372510 0.13621189 0.11669862 0.11702706 0.11104758 0.14998858 0.13075730 0.12360899 0.09958331 0.13298019 0.13642086 0.12095857 0.09742860 0.11128991 0.08050691 0.12439443 0.14145267 0.15307916 0.15042784 0.10290273 0.12888524 0.11892980 0.11094233 0.12044560 0.08448549 0.11679514 0.12374499 0.07986007 0.11878406 0.06477516 0.09525906 0.10441616 0.11199805 0.05610082 0.12875631 0.11515298 0.09713956 0.09560617 0.13033017 0.12105575 0.10559877 0.07436172 0.14742091 0.08714459 0.13255808 0.11443463 0.09106084 
0.09828705 0.15547544 0.18847712 0.09747465 0.12710359 0.10302035 0.11752651 0.07846248 0.04202636 0.15123493 0.11212130 0.11759250 0.15020951 0.12631159 0.07339811 0.09257081 0.11770028 0.09865583 0.11387807 0.07212748 0.09134125 0.08095031 0.14582346 0.12981895 0.10176794 0.12107800 0.10342345 0.10790914 0.11580467 0.11265579 0.11563379 0.10501289 0.10663664 0.08691827 0.08911902 0.08474663 0.07541236 0.11699951 0.11442283 0.12411600 0.13512497 0.14296172 0.13743118 0.15391643 0.13254902 0.15356036 0.11011361 0.07709861 0.09394737 0.06269458 
0.13499222 0.08494788 0.08676953 0.10577626 0.10867036 0.07420349 0.13591951 0.09412753 0.09049236 0.12382677 0.12307205 0.16277083 0.15630621 0.07649354 0.14726285 0.07167621 0.11587119 0.09571393 0.11193157 0.12487837 0.11577121 0.08861831 0.08934200 0.11068908 0.10893994 0.13503521 0.11406535 0.10903356 0.07806442 0.11506351 0.09560098 0.09327351 0.10062929 0.11607198 0.08327831 0.10392324 0.08455696 0.10894925 0.07526202 0.13523370 0.12165737 0.14584889 0.11282190 0.13679217 0.11897093 0.11664153 0.07066066 0.12330623 0.11039952 0.15374011 
0.10523766 0.11509441 0.12360590 0.10436919 0.08736653 0.08302318 0.16692692 0.09556693 0.10263545 0.12398395 0.11077950 0.10149644 0.10861001 0.07658357 0.08907702 0.07737216 0.08149048 0.08904495 0.11034605 0.09195475 0.09100128 0.13999369 0.17402535 0.10858558 0.11771321 0.14014776 0.09310492 0.09811718 0.16637616 0.07233006 0.10992065 0.12305452 0.06908710 0.10527242 0.11556974 0.12397436 0.11945766 0.11121311 0.12646817 0.10723448 0.13837969 0.06408759 0.10428706 0.12636506 0.14604681 0.12209565 0.12789625 0.10129379 0.09717691 0.12659338 
0.09956528 0.10948743 0.12697852 0.09877382 0.11331937 0.10583938 0.09797772 0.13265289 0.10101639 0.11560753 0.13490496 0.07568393 0.11583741 0.11882586 0.12084757 0.09301688 0.12191547 0.11382618 0.10554834 0.14616338 0.09647945 0.13879499 0.09443364 0.10783251 0.09996807 0.12850599 0.13022462 0.14912188 0.10649546 0.12435942 0.11423809 0.14772882 0.08820027 0.10694150 0.13820517 0.10262386 0.12324512 0.10805324 0.10722072 0.13428682 0.14116658 0.14211839 0.11782783 0.05707166 0.10999126 0.08792996 0.11023311 0.11321584 0.07707417 0.07679203 
0.08772476 0.15546732 0.11183482 0.12567063 0.10412202 0.12711026 0.14862318 0.09173695 0.06819501 0.09146319 0.08103651 0.08947333 0.10563996 0.15625690 0.06688645 0.08347559 0.09822530 0.07961520 0.09328032 0.13952023 0.09338942 0.07398577 0.10617549 0.11395834 0.08712640 0.09904341 0.11906374 0.11831521 0.11286217 0.13817217 0.07258005 0.10344758 0.11146641 0.13290330 0.13680401 0.15316854 0.09589406 0.07496755 0.09879256 0.11972653 0.09856298 0.11521474 0.07371455 0.12095868 0.08763129 0.13826419 0.10604139 0.13200119 0.11251192 0.12931066 
0.06292286 0.14905311 0.11849189 0.11401083 0.12336202 0.10238428 0.13910290 0.08917754 0.09903549 0.07841111 0.10341598 0.14472516 0.06747183 0.10376851 0.07131505 0.12013246 0.09734021 0.09493964 0.10425695 0.07688667 0.11228147 0.13575963 0.11458533 0.14963922 0.06636980 0.10488464 0.12775876 0.06744063 0.13812141 0.11296140 0.08648269 0.16343471 0.11209944 0.14942999 0.08361404 0.11144002 0.11734419 0.12113274 0.15362604 0.11322912 0.12191331 0.11723053 0.07988878 0.09767510 0.09748111 0.10406785 0.10896929 0.13056466 0.12507240 0.13330112 
0.14052239 0.14091707 0.14149568 0.08947865 0.11494773 0.09503822 0.14164063 0.10257994 0.12040568 0.09357719 0.12205239 0.10614172 0.11980656 0.15969458 0.13033630 0.11789773 0.11503062 0.10318615 0.11992437 0.16751546 0.14066407 0.10283440 0.10213311 0.12688768 0.10954192 0.10001391 0.11508736 0.15388484 0.18625982 0.09510712 0.10392081 0.11954614 0.10080943 0.09125505 0.08618344 0.05723785 0.09748737 0.09704316 0.11461827 0.08800507 0.09207262 0.07781534 0.13797784 0.15126237 0.10989334 0.16885233 0.09143219 0.12946410 0.07480635 0.12270015 
0.09943118 0.06288707 0.11268811 0.12255504 0.13006142 0.14115228 0.11875013 0.10419405 0.11022762 0.12430257 0.09466033 0.13658248 0.10766194 0.12917623 0.10730685 0.12451285 0.10598992 0.10115275 0.09436647 0.12063831 0.13471954 0.16462076 0.08298708 0.07787170 0.11635345 0.13453854 0.08502606 0.10014585 0.10817039 0.14029949 0.13866246 0.12107537 0.09416760 0.11245727 0.13922403 0.12013594 0.13104102 0.12492975 0.10480626 0.14103979 0.13365164 0.11713716 0.13088810 0.14803950 0.09728724 0.13337974 0.07648223 0.10823631 0.15042728 0.10870881 
0.09824898 0.10050072 0.12921819 0.08712521 0.13016799 0.11633407 0.15243172 0.07909001 0.09458476 0.12473730 0.12724791 0.11125511 0.12724190 0.09385359 0.11908299 0.10626386 0.13318506 0.10058833 0.12157636 0.12559347 0.13320085 0.08030202 0.08057597 0.11243717 0.13933537 0.10065886 0.11058913 0.12723881 0.11604596 0.08535045 0.09643534 0.10910427 0.11279928 0.10270612 0.09451656 0.10794618 0.11501348 0.13375077 0.07934358 0.13767235 0.12456292 0.15148315 0.12910910 0.12506568 0.11846738 0.13778121 0.11951438 0.14212927 0.13069092 0.10231043 
0.10778633 0.11902584 0.10829116 0.11245156 0.14236286 0.12574453 0.14472715 0.12001849 0.12686813 0.12953678 0.10572205 0.12124787 0.10946722 0.13860901 0.10920444 0.09122319 0.08547832 0.13607686 0.13977147 0.08654528 0.09550831 0.11084791 0.13750948 0.07450628 0.09669067 0.11974889 0.12692763 0.07713206 0.08539465 0.09795212 0.10595897 0.10113858 0.13304219 0.13882325 0.13070374 0.08482810 0.11796087 0.06483886 0.09926907 0.08338830 0.13980942 0.13525823 0.11096449 0.12950157 0.08975625 0.14761780 0.15898745 0.08298554 0.10633765 0.13024128 
0.10992432 0.09945212 0.15632753 0.09378715 0.08765599 0.08372436 0.10226104 0.13879510 0.10162913 0.08230854 0.09983200 0.10225773 0.09858783 0.15534457 0.09611897 0.12835903 0.12200608 0.10851896 0.14281372 0.07800091 0.09982452 0.08977666 0.10860839 0.13156160 0.07966217 0.11815042 0.09714887 0.13034765 0.08939422 0.17197557 0.12490678 0.10520944 0.06626861 0.09305421 0.10599898 0.12426449 0.12808423 0.09212514 0.09892020 0.11531893 0.10823263 0.10124421 0.12450368 0.12519738 0.11167926 0.14319017 0.10940891 0.07431630 0.07825947 0.12381562 
0.09924446 0.12644156 0.11195311 0.11881792 0.13974468 0.12792757 0.10995189 0.11210231 0.10367137 0.13326796 0.11544685 0.12725945 0.12238003 0.11498617 0.15921083 0.09952913 0.10112804 0.11351886 0.14913161 0.11528870 0.08741973 0.08548303 0.16859961 0.10426290 0.09856176 0.09019077 0.17008684 0.10238656 0.14349674 0.10194617 0.05583972 0.06687097 0.10087328 0.11004236 0.09007794 0.11094421 0.15011024 0.09276491 0.13313458 0.10798293 0.12339681 0.12480574 0.11148316 0.10799664 0.08675447 0.09870275 0.10140449 0.11436359 0.07967890 0.10947491 
0.12140658 0.11361008 0.11806554 0.08296742 0.14537687 0.09168046 0.09867754 0.06537670 0.08462492 0.10659270 0.11913903 0.11512211 0.10801979 0.05167659 0.12647552 0.06750224 0.07748892 0.10580000 0.09723674 0.09562179 0.09124266 0.11326494 0.11874926 0.08354070 0.12432181 0.09342388 0.12483869 0.11232707 0.11118839 0.09614274 0.13773996 0.10545409 0.15204499 0.11486134 0.17108748 0.13436731 0.11941556 0.09712067 0.11055324 0.11447702 0.13200575 0.09553732 0.14915731 0.07389378 0.12726114 0.07666049 0.12168170 0.10445220 0.13414608 0.10708003 
0.11292097 0.10956846 0.11861100 0.12000508 0.07419386 0.12065738 0.11949505 0.10514525 0.11344317 0.08528690 0.12790199 0.08912256 0.11213969 0.11828633 0.10315802 0.15572736 0.14840568 0.10239161 0.10212430 0.09367286 0.09911720 0.10551405 0.10017994 0.12812473 0.16359373 0.12130599 0.08708378 0.13324802 0.13489597 0.11938648 0.10373346 0.13226341 0.09693017 0.12437487 0.09251825 0.10833242 0.13138646 0.12041132 0.08686937 0.11176610 0.10000078 0.10568968 0.08772725 0.14733744 0.07812196 0.11660366 0.13601263 0.10369343 0.10504282 0.09757652 
0.12130788 0.13146561 0.14715323 0.09995868 0.10510663 0.10061467 0.09303479 0.12316499 0.13973000 0.12557400 0.14441207 0.11022840 0.14807909 0.09813891 0.07558331 0.15637521 0.08559781 0.13741243 0.08985748 0.10350673 0.11279448 0.10852070 0.09748812 0.07932946 0.15435393 0.10219188 0.11546300 0.06201334 0.14605962 0.12583215 0.13604343 0.10582824 0.13158843 0.09813980 0.12281733 0.14219828 0.09586705 0.12773273 0.11980834 0.11511868 0.13116425 0.10421090 0.11861251 0.15660271 0.09316503 0.09843917 0.11011660 0.12033264 0.10346842 0.09086662 
0.09295221 0.13204396 0.14526563 0.09819110 0.12563425 0.13624015 0.10964846 0.10196947 0.14964471 0.11378140 0.13879822 0.10881919 0.12586191 0.07987963 0.19194996 0.12692521 0.10992260 0.09280242 0.12369552 0.10587835 0.14556184 0.10850674 0.11194817 0.07112622 0.08676830 0.05701508 0.13032248 0.10928451 0.07961482 0.09488386 0.06465598 0.15465706 0.09056888 0.14692602 0.14358195 0.10244026 0.08662417 0.12743992 0.11077524 0.12987599 0.11036862 0.11426635 0.09280641 0.09718685 0.11615909 0.10959766 0.07785678 0.12882379 0.09761993 0.09463075 
0.12007715 0.10441751 0.10289668 0.09659118 0.13400091 0.07921341 0.11115901 0.11977371 0.12041470 0.13281613 0.11386487 0.06661393 0.11990986 0.10067902 0.08936424 0.12281424 0.09500854 0.07039307 0.11102834 0.11401456 0.09690694 0.09096645 0.10918067 0.15050447 0.10725940 0.09882459 0.10199367 0.12992489 0.11020093 0.12721058 0.09734794 0.12134561 0.09932184 0.12625614 0.11775806 0.08880633 0.07229934 0.14499268 0.08638160 0.09248995 0.15106633 0.12537514 0.09281934 0.12881291 0.12515818 0.10617180 0.10206353 0.09983847 0.10864768 0.09515377 
0.13434845 0.09174048 0.07856614 0.09131516 0.10560873 0.11150226 0.10322893 0.09672240 0.13850405 0.06372407 0.08799115 0.12105743 0.13029696 0.10173360 0.09595496 0.10160292 0.13704854 0.11881872 0.11415323 0.13979249 0.11733071 0.09654276 0.05907298 0.11079835 0.12425711 0.11030031 0.11138124 0.10114212 0.10981178 0.12732179 0.10927327 0.10551290 0.12005106 0.12594127 0.11717088 0.10407679 0.12979821 0.09774466 0.10225777 0.11683288 0.08029149 0.14064471 0.10351384 0.11153823 0.11487249 0.13812266 0.14239000 0.15418099 0.09508054 0.10916400 
0.10329858 0.11214336 0.13401856 0.08490559 0.10176964 0.10362652 0.10378324 0.15847327 0.11546868 0.12455433 0.08900446 0.10943140 0.06756706 0.11769995 0.13337568 0.11787891 0.10216526 0.09584904 0.09793594 0.13093510 0.12079573 0.10904475 0.13304390 0.13300777 0.11638256 0.09339040 0.10672477 0.12558213 0.10668128 0.11943531 0.12652356 0.12333705 0.07597717 0.08442823 0.13274842 0.16685034 0.11487805 0.10078781 0.05786779 0.10328043 0.11011229 0.10417320 0.06878343 0.12107613 0.10310884 0.10655253 0.07873763 0.12434872 0.12373840 0.08982205 
0.09805469 0.13547338 0.06717012 0.11155570 0.09475332 0.11746113 0.14404057 0.08860105 0.14134567 0.12491832 0.12467768 0.08301336 0.07689090 0.10286024 0.10623126 0.09451390 0.14287871 0.09059897 0.11767034 0.10329362 0.11937456 0.11166115 0.09641986 0.08693026 0.17230323 0.14085684 0.06858257 0.09842896 0.11368012 0.08535239 0.12765266 0.12097562 0.10484212 0.13543183 0.17617089 0.11329377 0.11725450 0.08921849 0.16370771 0.09542664 0.12971993 0.11229287 0.11020716 0.11186867 0.11441094 0.12409693 0.14188588 0.10038851 0.12789059 0.14803657 
0.14661359 0.09602456 0.12036833 0.11213891 0.08611715 0.13608253 0.12797432 0.09231691 0.07476720 0.07965241 0.13890074 0.10658468 0.11711019 0.11528872 0.09292617 0.11174708 0.09080523 0.09781770 0.11925903 0.09394573 0.09246228 0.10698225 0.11245150 0.09057271 0.10165085 0.11248073 0.08715485 0.10053920 0.15803686 0.10950622 0.12367567 0.12893722 0.13168048 0.12255278 0.12664826 0.08382893 0.09534219 0.12133349 0.11878985 0.11790236 0.10978825 0.09368361 0.14969882 0.16035554 0.10075696 0.13727818 0.10427007 0.13086958 0.09742268 0.12674282 
0.11872584 0.12456897 0.14958386 0.11318469 0.10095991 0.11531953 0.09803421 0.13404437 0.06433630 0.09271694 0.08574592 0.10359420 0.11134106 0.14863853 0.10702495 0.12791560 0.10362412 0.12399860 0.09444649 0.10417517 0.11065030 0.12888851 0.08170063 0.10687395 0.12949314 0.08815746 0.11584059 0.10473825 0.07674222 0.15016911 0.08479280 0.12060447 0.08875075 0.11874813 0.11619351 0.13629671 0.10320990 0.13342993 0.09421252 0.09611630 0.13951222 0.09558400 0.11490778 0.15549539 0.07958713 0.08688934 0.09289057 0.13361719 0.09894773 0.16380775 
0.09654356 0.12881555 0.09483061 0.08890913 0.14299322 0.11226823 0.11146935 0.11636017 0.11477500 0.09662442 0.09661527 0.10233151 0.13604608 0.07897598 0.09277254 0.11921075 0.10020276 0.09382137 0.15576763 0.10246049 0.07740850 0.10441364 0.12176246 0.08350540 0.13789068 0.09780778 0.13590330 0.11770396 0.14054109 0.14118685 0.11905282 0.11109470 0.11521786 0.11814744 0.11739397 0.11916066 0.10592239 0.14813209 0.10200995 0.10279268 0.10770030 0.14149464 0.13664151 0.11464967 0.11742680 0.10280053 0.08715024 0.10392222 0.10435666 0.13485542 
0.09710046 0.12384261 0.10498756 0.09633661 0.10959996 0.06963981 0.09131554 0.11736373 0.09360699 0.12789653 0.12428007 0.12286467 0.09689724 0.09792634 0.09685582 0.11245563 0.16378208 0.09214236 0.13246078 0.10356385 0.12017869 0.09945474 0.09536756 0.13743837 0.10599606 0.08107006 0.11660813 0.11035869 0.09605136 0.12824528 0.13044476 0.09701348 0.09932309 0.10862915 0.09382933 0.09404475 0.09784329 0.11268545 0.14577993 0.10127122 0.11726750 0.10016471 0.08502201 0.13000452 0.11655041 0.13441512 0.13347233 0.11428128 0.09629444 0.14073244 
0.09530102 0.08377157 0.11113175 0.11339888 0.08827046 0.10129399 0.09393294 0.08608458 0.12034694 0.12133855 0.11431980 0.09395196 0.10763775 0.09567375 0.11603293 0.09038081 0.09344640 0.14440306 0.09808768 0.10928761 0.09129355 0.12109749 0.10525906 0.13980077 0.16155381 0.10076860 0.08056972 0.07869754 0.10271506 0.14070034 0.10839535 0.11770485 0.13049401 0.12561905 0.14013055 0.07653359 0.08449110 0.11133045 0.11273447 0.10471005 0.09944993 0.08745796 0.09583580 0.07500496 0.10467761 0.08875027 0.12251533 0.11112816 0.10840188 0.09592977 
0.11729759 0.13010846 0.10417660 0.11859615 0.10617804 0.16176504 0.09963475 0.08764664 0.12607102 0.11467758 0.10473350 0.14420567 0.14337773 0.12001016 0.09716160 0.07768308 0.15700009 0.11801619 0.08820353 0.11499180 0.15585005 0.09825004 0.13976249 0.08664880 0.12011870 0.11209823 0.07853582 0.12980116 0.11300629 0.14498561 0.06928520 0.09685985 0.08942367 0.12309088 0.12243400 0.06877382 0.13779093 0.12105581 0.09521902 0.11066837 0.09803909 0.10781780 0.15391257 0.10252321 0.17937027 0.13925617 0.07493442 0.11334195 0.09827604 0.13162904 
0.10674330 0.11439997 0.11360933 0.12706291 0.08649866 0.14527256 0.14540299 0.10744980 0.11117310 0.08047560 0.11816300 0.14250988 0.11528300 0.09359538 0.10558231 0.13032607 0.07019574 0.07392321 0.11997864 0.11100691 0.09857181 0.13472554 0.08501217 0.10870298 0.13356213 0.08714205 0.12296770 0.10473449 0.13318101 0.12523634 0.10241340 0.12884993 0.11185439 0.15633605 0.11018766 0.10202896 0.10365841 0.10066750 0.13258028 0.11632967 0.12259370 0.10905384 0.14823664 0.12766180 0.08401103 0.15694654 0.09928829 0.10471616 0.12875822 0.09965660 
0.08172302 0.09136743 0.14448838 0.10827023 0.10039014 0.11525512 0.08962007 0.12658614 0.11490104 0.12148860 0.06354248 0.09653252 0.12012026 0.11788647 0.08506537 0.10732880 0.12067199 0.13294778 0.09153384 0.12078298 0.06716163 0.17337366 0.11169304 0.07438918 0.10962241 0.09442019 0.13602871 0.15571943 0.08555036 0.11465491 0.09594649 0.08913920 0.14697946 0.08241291 0.13023738 0.11641918 0.09596917 0.10547109 0.09024506 0.11921395 0.13272379 0.10391265 0.13553522 0.11418070 0.09010373 0.14469772 0.11947569 0.15059681 0.06202972 0.13628893 
0.09652305 0.10292710 0.12567008 0.10126019 0.13148242 0.14951950 0.10990796 0.11830392 0.09932799 0.06867202 0.11457052 0.14004854 0.10504816 0.11505255 0.12171804 0.12652140 0.15998026 0.13460967 0.10300364 0.11772005 0.14369539 0.08582580 0.09737777 0.10679384 0.10687241 0.09200321 0.09537715 0.14108080 0.07916534 0.12671173 0.15350200 0.11454577 0.09247504 0.13691915 0.13691214 0.14863323 0.09124865 0.16521123 0.11524748 0.15153092 0.09879032 0.13268979 0.11569541 0.12533541 0.11377093 0.10972114 0.12356955 0.14045345 0.15239251 0.09879545 
0.12391299 0.19133631 0.12882680 0.10480271 0.11595661 0.15862165 0.15195813 0.12279795 0.11579810 0.14658215 0.10854958 0.14277023 0.11935716 0.14819682 0.11902810 0.10081386 0.13829210 0.08887879 0.11844163 0.11191750 0.15916963 0.10253137 0.10802678 0.10773785 0.11392339 0.16530785 0.14080265 0.09061609 0.12516702 0.11107670 0.13288927 0.11247170 0.11171719 0.11231589 0.11888283 0.11903005 0.13662136 0.11852123 0.13084490 0.13600753 0.11125987 0.16084133 0.12977046 0.12050393 0.11340386 0.13101093 0.11021133 0.12468762 0.12097803 0.09170268 
0.09091460 0.12999124 0.09506812 0.16529979 0.15622240 0.09939264 0.13915941 0.12315172 0.12523683 0.11366036 0.11422736 0.14481960 0.10460172 0.12431392 0.13535038 0.12803031 0.11296039 0.15153762 0.12691902 0.12047282 0.10876149 0.09537233 0.12208551 0.12529292 0.15562930 0.13078193 0.09198845 0.11977239 0.12302737 0.11327912 0.10068455 0.11560466 0.13322589 0.11340895 0.13576775 0.15220664 0.13052577 0.11988441 0.12670327 0.11420645 0.08974289 0.11352160 0.12243599 0.11018466 0.13970987 0.13917054 0.14368113 0.13034154 0.10974844 0.12834103 
0.10347368 0.09811027 0.16566802 0.07386547 0.14700657 0.13956790 0.07115164 0.15848350 0.08053608 0.13729501 0.12136090 0.09902953 0.10655776 0.09851791 0.11468305 0.15139129 0.10439855 0.13499682 0.12220408 0.14378199 0.10567064 0.09994073 0.15717712 0.12348965 0.11430765 0.10204441 0.08649863 0.12010914 0.12078717 0.13721882 0.13329385 0.15641164 0.12530072 0.13265720 0.13568063 0.10431127 0.11562069 0.12643140 0.09085167 0.12710178 0.11709511 0.08962239 0.13708787 0.08541848 0.15246621 0.11907612 0.10377375 0.10392499 0.14435561 0.08784076 


